1593451808772558848
1593451781475926017
1593451762110775296
1593451334623117313
1593451007001903105
1593450884876247043
1593450634736553989
1593450463164338178
1593449150070239232
1593449026996805633
1593448227554181120
1593448103285096455
1593447704444674057
1593447586807128065
1593447402350022658
1593447004428017664
1593446590869606400
1593446327169564672
1593445943994621954
1593445707284897792
1593445312437407744
1593445243642421250
1593443667695620098
1593443596459339776
1593443399478149121
1593443269500870656
1593443065431302147
1593442939048497154
1593441689024200705
1593441633642713088
1593440276021854209
1593439656317550592
1593439633681125378
1593439118855380994
1593438974953066498
1593438955764170752
1593438928496885762
1593438650574032897
1593438353659043840
1593438132053082112
1593437791823794176
1593437774912290816
1593437350390108161
1593436999855267840
1593436789343232000
1593436746867425289
1593436208922869760
1593435909516566528
1593435853170278400
1593435795741765632
1593434803013140481
1593434717738749952
1593434715150761987
1593434416604336128
1593434259158712322
1593434192460894209
1593434124118810625
1593433860188110855
1593433563852165125
1593432772076503040
1593432180889378816
1593431945446273024
1593431722443640840
1593429666567782401
1593429664961159168
1593429363399221249
1593429217068421120
1593428963635990533
1593428397874618368
1593428022526443521
1593427879370674176
1593426780689399808
1593426295437676544
1593425193350975488
1593425185935335424
1593424951146676224
1593424308931645447
1593424116740247552
1593423982732234753
1593423846056644608
1593421185404047362
1593419968212877314
1593419951305539584
1593419796267286535
1593419254942126080
1593418499308883968
1593416820735836162
1593416300990169090
1593416220006653954
1593416187156766720
1593415930859724800
1593415147267178497
1593415045068820480
1593415034453082113
1593415022931283969
1593414876973568000
1593414751303917571
1593414190726881283
1593413668552642560
1593413265903714304
1593412942841757697
1593412912663625728
1593412883269959681
1593412519082790912
1593412252207616003
1593411721720467456
1593411574089359360
1593411513276153859
1593410993274720262
1593410985997598721
1593410834595606530
1593410703741837314
1593410602466127872
1593410522992578562
1593410360970723329
1593410215147409408
1593410094947000321
1593409877237530624
1593409675424256002
1593409405675921409
1593409348168024065
1593408933116493827
1593408679491129344
1593408276145745920
1593408268159926272
1593408014131908610
1593408011841802246
1593407943478738944
1593407757763416064
1593407395455242241
1593407288156602368
1593407188814516224
1593406968118624256
1593406922908176384
1593406327753170945
1593406239526064130
1593405893693132801
1593405707747037184
1593405696002883584
1593405575974502405
1593405473469960192
1593405396374396936
1593405168632086530
1593405094866853890
1593404878117806081
1593404726166622208
1593404470708387840
1593404400982233089
1593404383554932736
1593403843093602304
1593403285653921805
1593402922783621121
1593402894451097600
1593402840084520960
1593402063773376513
1593401716887666690
1593401525581352966
1593401521663873026
1593401212665270277
1593401206696730626
1593400676293509122
1593400638037164032
1593400451650801669
1593400242803810305
1593400235417534467
1593400103670349826
1593399904495452161
1593399883897212928
1593399754578448384
1593399705475715072
1593399644762931201
1593399619542728705
1593399559173963776
1593399513737465856
1593399482976456705
1593399472603922432
1593399358573142017
1593399271956561927
1593399128645459969
1593398824663490560
1593398693159440384
1593398584304701440
1593398471775485952
1593398371913433095
1593398287972696064
1593398283178844163
1593398272982384640
1593398231710547968
1593398211594653700
1593398183530561536
1593398160864452609
1593398047890817025
1593398046557192193
1593397916777021440
1593397899781701637
1593397779010830337
1593397770894860290
1593397748409290752
1593397705384103937
1593397642209497090
1593397590183116800
1593397555882237957
1593397523019796481
1593396945732730883
1593396581792989186
1593396260836458496
1593396232851963904
1593396059941863425
1593396034511708160
1593395945403781126
1593395854773288962
1593395744781881345
1593395643585888258
1593395632345157632
1593395596693471234
1593395527017791488
1593395469396299776
1593395440287944705
1593395341499551752
1593395270313721860
1593394981879910400
1593394926129410049
1593394806646095872
1593394785749975041
1593394779651510272
1593394733333749760
1593394647660896256
1593394553108762625
1593394446468583424
1593394427103514625
1593394310325608453
1593394284119695360
1593394196060442625
1593393553790541824
1593393470537928706
1593393085878337536
1593392241514536962
1593392231054016520
1593392220379512832
1593392190922833921
1593392125323902976
1593391938312495107
1593391812487544834
1593391712914661377
1593391605498904576
1593391596229328897
1593391592122916864
1593391463412506624
1593390428425961472
1593389821074051073
1593388909463015425
1593388882653024256
1593388062477795328
1593387627922833409
1593387403569405953
1593387262355570688
1593387114036699136
1593386700365078529
1593386000075694080
1593385799353094145
1593385208841396224
1593384132347822086
1593381338370801665
1593381187581628416
1593381150269095937
1593381125824675843
1593380786358599685
1593380785884651520
1593380440970330119
1593378746811179008
1593378725336592385
1593377437823500291
1593376909643194369
1593376319907168256
1593374652067463168
1593373518015696898
1593373174128951298
1593372319543599108
1593371821033783298
1593371508746788864
1593371466950664194
1593370898928529409
1593370093387501572
1593369941234909195
1593369582273974273
1593369122062188545
1593368730289029120
1593368389099180032
1593368062488616963
1593367100332064768
1593366921726017536
1593366687574794240
1593363952964173828
1593363459500298240
1593363114807934976
1593362807382315008
1593362090554626048
1593361775206055936
1593361627465785346
1593358500633231360
1593357197056086021
1593356129165271045
1593355942719995905
1593355889284612099
1593355799006482438
1593353765222027264
1593353735459192838
1593352780810436613
1593352027379302407
1593351819010478082
1593351801293660164
1593351461014044674
1593350798452432899
1593349772957650944
1593349108533698561
1593348708543991808
1593348645130223616
1593348361897345024
1593348251289153536
1593347747385688067
1593347549649408002
1593347157314117633
1593346856343535616
1593345379675906056
1593343459976413186
1593342659766022144
1593342268341190662
1593340912133935104
1593340367679750148
1593339800739893254
1593339101507244033
1593337917459648513
1593337754544390145
1593337216591355904
1593336213737553923
1593333751031140352
1593332625967661060
1593330973529329664
1593329602637828096
1593329284566982657
1593327128363368450
1593326896321908742
1593326624312901632
1593326024862957575
1593325301370585090
1593325233607426048
1593324339650351105
1593323653541904387
1593323589306023936
1593323464408334336
1593323372523429889
1593323193586024455
1593322571466170368
1593322393577177093
1593320704434487299
1593320466869063680
1593319855347859458
1593319512388018176
1593319234628685827
1593319156509720577
1593318059925594112
1593317605783257089
1593314319374159876
1593314252969885705
1593314158153449472
1593313872475291653
1593313493100421123
1593313218805616641
1593313200912695299
1593313200031891458
1593312389616762883
1593312073827729410
1593312065107763203
1593310040878108672
1593309803077459968
1593309582134239235
1593309232044048385
1593307983429382144
1593307097277554689
1593306685350748161
1593306475551756291
1593305875397083136
1593305723487887360
1593305557452070912
1593305335384653824
1593304645014896641
1593301833107361793
1593300637508599810
1593300101933531136
1593299923679715331
1593298820602945536
1593297610445533184
1593296808670904328
1593295805405970432
1593295492968222720
1593294629771874317
1593294376096370688
1593293195986849793
1593293190550781952
1593292888342945792
1593292658759372806
1593290916382621702
1593290785268588548
1593290210854555648
1593289577208365058
1593289237360791555
1593288620147982339
1593287890884505601
1593287856981741570
1593287406723252224
1593287311911014403
1593286364371492864
1593286238370406401
1593285792583008257
1593285289547636740
1593284994243362817
1593283199198699533
1593282997624754183
1593282988820807681
1593282121237422081
1593281736183521280
1593281488354770944
1593280611774521345
1593280495319662593
1593280376126013441
1593279731327188992
1593279233010212864
1593278341397860353
1593278231926509569
1593278005354188800
1593276805460402182
1593276531773771776
1593276360159424513
1593275706175361024
1593273760861364226
1593273706389831680
1593273287152472064
1593273092930953216
1593272708829249536
1593271951186956288
1593271715634749442
1593271018491199488
1593270692769849344
1593270502969180161
1593269167314051073
1593267592818573313
1593267576611934208
1593267493539397635
1593266851055898626
1593266560436690958
1593266170966282242
1593266157187907584
1593265530236010499
1593264956987920387
1593264950788644867
1593264481131446273
1593263497713967105
1593263216892715008
1593263151126118406
1593262285371367424
1593262015048548352
1593261726279122945
1593261219661500416
1593260861048721408
1593260844099543042
1593260791444168705
1593260758028226560
1593260466112954368
1593258351781359617
1593258059744260098
1593257852051009541
1593257848082817024
1593257827451158530
1593257823118450698
1593257666079428609
1593257616465354753
1593257534910963712
1593256757387612161
1593255970787901443
1593255471775121410
1593255141095809026
1593254846068822017
1593254771330207745
1593254766297030658
1593253038705508353
1593248955881570304
1593248695243329537
1593247673557348356
1593246136608833536
1593245814096539648
1593245603537952770
1593244876434706435
1593244870000640002
1593244678765543424
1593243846514999304
1593243803884064768
1593243161895505921
1593242682759217152
1593242283238834177
1593241944401973250
1593241294352048129
1593241067775987715
1593240937009774593
1593240036459282432
1593239978225680384
1593238905842593794
1593238083398676482
1593238051840753664
1593237542169899013
1593236952614113280
1593236618521227265
1593236576217477120
1593235716032630784
1593235120231964676
1593234852916375554
1593234692714921984
1593234462661578754
1593234219178020866
1593234203126091778
1593233572747685888
1593233132027011074
1593232415488897024
1593231527999307780
1593230376050524160
1593230317506420737
1593230047099629568
1593229958171983872
1593229059835580418
1593228228424265730
1593227901822173186
1593227587840507908
1593227576264097792
1593227456055578625
1593227247825321984
1593226655207936002
1593226067149717504
1593225805412569090
1593224828219424768
1593222921065238528
1593222767767617536
1593222417123799044
1593221979502309377
1593221969801269248
1593220896013307904
1593220487039307776
1593219470730067968
1593218559219757057
1593218331733286912
1593218100836864004
1593217469787049984
1593217327071625216
1593217101850120195
1593216884639686657
1593214126536658946
1593213923628838912
1593213445608177664
1593213169928966145
1593213168381140993
1593212845399093250
1593208991047639042
1593208916220919808
1593208032590450688
1593206040484798465
1593205963640934401
1593205439121879040
1593205380246835200
1593205379244359680
1593203475915378689
1593202966567481344
1593202911143608320
1593200590422568965
1593199162157596673
1593199116737458177
1593198387008266240
1593198115695181824
1593197138141642752
1593196410236981248
1593196168820838400
1593194812441649156
1593194167185731585
1593194054644531201
1593193669531959296
1593193534798327808
1593193506129838080
1593190734609481728
1593189722394103812
1593188824070639617
1593188719951249409
1593186222301908993
1593186185001676801
1593185860308324352
1593183346318012417
1593182466227187712
1593182291030777856
1593182159069597696
1593182058410835968
1593181031724568576
1593180769454727168
1593180658918383617
1593179503483703296
1593179227649904640
1593178293465141248
1593177026420056064
1593176865006845953
1593176646693314561
1593174486207336448
1593173935251660801
1593173235159662592
1593169580658245636
1593169560974262273
1593169522227380226
1593169505890734081
1593169272653619200
1593169180613910528
1593168350984577024
1593167798796107776
1593162304417566721
1593161983763054592
1593161058881277953
1593159634088783872
1593157127933423618
1593157070656012288
1593157021607825408
1593156984643424258
1593156949000224768
1593156842762670080
1593156797506162688
1593156784654782465
1593156717420097542
1593156642627268610
1593156603548958721
1593156583328190464
1593156571563188225
1593156563233280002
1593156560175632384
1593156554844667905
1593156523928453120
1593155802386563072
1593155612615270402
1593154392395780096
1593152993192738817
1593152926587162624
1593152860350742528
1593152816839032834
1593152785432064000
1593152557391794178
1593152279548305409
1593152278122631168
1593152269414912001
1593152260456206338
1593152250809307136
1593152124317499392
1593151412946755584
1593147841593364480
1593145662094606336
1593145640183554048
1593145505575419904
1593145476076797954
1593145371349221378
1593145287824248832
1593145214071627777
1593145164796923904
1593144744276037633
1593143384256184324
1593142967875022848
1593142932319502336
1593142913693020160
1593142903186264064
1593142831711154176
1593141465449889793
1593141386622148610
1593141300160651264
1593141231722414080
1593141180363321344
1593140679089491968
1593140667210862592
1593140649984917504
1593140633254105089
1593140584117465088
1593139534128381953
1593139456860516352
1593138061008781312
1593134566558306305
1593133994597810176
1593133619928698881
1593130265068511234
1593130245888299009
1593130229689614338
1593130163000180737
1593130153965629440
1593130134642782208
1593130121745108994
1593130106045751296
1593128701168082945
1593128633841111041
1593125054547922944
1593122706471686144
1593122662104334337
1593122253256134656
1593121951400136704
1593121028045443073
1593120733915668483
1593120684041175040
1593120637840941062
1593120606245261313
1593120280209416193
1593120272957452289
1593120265630011392
1593120254192123905
1593120209979965441
1593119465449082880
1593117882233552896
1593117175262629889
1593116973181075457
1593116921620484096
1593116876695285762
1593116818784235520
1593116562709704704
1593116525447503872
1593116101311098882
1593116091022467072
1593116080201158657
1593116061410689024
1593116026979221504
1593115794317389824
1593115258386014209
1593115081810022400
1593111690589409280
1593111534498095104
1593109909872463872
1593109640903917568
1593108692400234496
1593107377787924480
1593107334783385600
1593107300306530304
1593107071377248257
1593107020886192128
1593106611870081025
1593105975325511681
1593105790986244098
1593104689847226370
1593104244672200704
1593103444847386625
1593102474705260544
1593102456145448960
1593102443260567552
1593101684947156992
1593101371817218050
1593101315626143749
1593101104619073536
1593101080644112385
1593101054375526400
1593101045705895937
1593101044032016384
1593100745183997952
1593100719686647808
1593100708609343488
1593100701236088832
1593100688858677248
1593100659003465728
1593100349338181633
1593099637631512576
1593099259481837568
1593099148542504961
1593098772695109633
1593098325041254403
1593098165426999298
1593098098716250113
1593097985814335489
1593097913764192256
1593097246060728320
1593097099322982400
1593096963729526785
1593096785521938433
1593096669163556864
1593096650825687040
1593096363054858240
1593095885218807809
1593095868798078977
1593095842449469440
1593095827559366658
1593095779455209472
1593095567357652994
1593095517130870785
1593095390777466880
1593095155653177344
1593095141807788034
1593095067971256321
1593094973662318592
1593094885086990336
1593094824256995330
1593094655817940992
1593094430659342336
1593094189231005696
1593093824389451776
1593093753472184320
1593093694907092993
1593093634291044354
1593093610429243394
1593093559502405632
1593093510739427329
1593093435095142401
1593093354073772034
1593093347375460352
1593093338441613312
1593093333416833025
1593093328857616385
1593093306019643392
1593093017988370432
1593092954100756480
1593092909473361923
1593092297276948480
1593092281690882049
1593092259159113730
1593092252284641280
1593092241664643072
1593092225084583936
1593092205513965569
1593092198677245952
1593092195166584832
1593092183699361792
1593091983454502914
1593091974097158144
1593091881705295879
1593091794794708993
1593091784103841792
1593091773077024768
1593091762113114112
1593091731876372480
1593090398473580545
1593090257960210432
1593090151642992640
1593090082457587712
1593090059708018689
1593089980783792132
1593089948126674945
1593089789896851457
1593089458290978817
1593089182481932288
1593089117931593729
1593089065691525120
1593089014302904320
1593089011220086785
1593088937324867584
1593088774657167360
1593088652338659328
1593088644302393345
1593088538836631552
1593088431886065665
1593088322993549313
1593087183816359936
1593086003837014017
1593085965996019713
1593085737955897344
1593085523903811584
1593084487075700737
1593083584768012288
1593083380542803973
1593083375732293632
1593083246514167811
1593083185151508481
1593082317685559296
1593082250522169345
1593082219589177344
1593081592846888960
1593081359496802304
1593081287711289344
1593080917614264321
1593080883661402112
1593080109397073920
1593079863275327488
1593079621398204417
1593079486433865733
1593079093293383681
1593078555386470401
1593078388335738880
1593076729371037696
1593076399937843200
1593076074032033793
1593076050241941504
1593075542806638592
1593075077087911942
1593074747188846594
1593074426488451072
1593074113245237249
1593074021762932736
1593073885570031619
1593073625837752320
1593073608355897345
1593073571697692672
1593073331410194432
1593073116846383104
1593072952760991744
1593072909459021826
1593072896036900869
1593072835164917760
1593072772640821250
1593072227318398978
1593072076742864896
1593072063711154181
1593071945876406272
1593071697607143424
1593071610118180864
1593071425182728193
1593070529455747073
1593070157265784835
1593070147367239683
1593069974964563968
1593069602233548800
1593069568335175680
1593069085050695680
1593069030092705792
1593068852195512320
1593068763423051777
1593068189449351168
1593067126080024577
1593066870089076737
1593066646834675712
1593066204763422720
1593065650909347840
1593065608655958017
1593065573151559681
1593065383778717697
1593065343047847936
1593064639390429184
1593064634122375168
1593064615243821056
1593064267745755137
1593064217636392961
1593064106864828416
1593064030679486464
1593063971288125440
1593063888895242240
1593063633659269123
1593062792567083008
1593062397954396160
1593061526356697093
1593061461831684097
1593061438393913344
1593061416403349504
1593061122084835331
1593061099938910208
1593060637802106880
1593060607217242113
1593060446801891328
1593056489765498882
1593056472963088385
1593056445234581504
1593056287549718529
1593056265789636608
1593055955708948480
1593055847050932224
1593055776909950977
1593055335383961601
1593055171751612416
1593055108920901632
1593054784944484352
1593054269112225792
1593054227961479169
1593053644777467906
1593053563424759808
1593053406440357888
1593052826489741312
1593052826351316993
1593052700761292801
1593052684902621184
1593052678921199616
1593052652279304193
1593052484049997825
1593052470145519616
1593052217371922432
1593052154084102144
1593052134106624001
1593052105400782849
1593051991571238912
1593051980913848320
1593051903264706560
1593051823371603969
1593050947563171843
1593050360557412352
1593049941722529792
1593048472156262401
1593048439079960578
1593048417038913537
1593048388131442688
1593048123001434115
1593047824706719744
1593047758172459009
1593047634901897217
1593047583089303553
1593047182319681536
1593047035309326336
1593046294289080320
1593046102848118785
1593045855602618368
1593045373849055232
1593045000874491905
1593044898227572737
1593044875112763394
1593044364208791552
1593453893647835138
1593453142749978630
1593452624354893824
1593451808772558848
1593451781475926017
1593451762110775296
1593451334623117313
1593451007001903105
1593450884876247043
1593450634736553989
1593450463164338178
1593449150070239232
1593449026996805633
1593448227554181120
1593448103285096455
1593447704444674057
1593447586807128065
1593447402350022658
1593447004428017664
1593446590869606400
1593446327169564672
1593445943994621954
1593445707284897792
1593445312437407744
1593445243642421250
1593443667695620098
1593443596459339776
1593443399478149121
1593443269500870656
1593443065431302147
1593442939048497154
1593441689024200705
1593441633642713088
1593440276021854209
1593439656317550592
1593439633681125378
1593439118855380994
1593438974953066498
1593438955764170752
1593438928496885762
1593438650574032897
1593438353659043840
1593438132053082112
1593437791823794176
1593437774912290816
1593437350390108161
1593436999855267840
1593436789343232000
1593436746867425289
1593436208922869760
1593435909516566528
1593435853170278400
1593435795741765632
1593434803013140481
1593434717738749952
1593434715150761987
1593434416604336128
1593434259158712322
1593434192460894209
1593434124118810625
1593433860188110855
1593433563852165125
1593432772076503040
1593432180889378816
1593431945446273024
1593431722443640840
1593429666567782401
1593429664961159168
1593429363399221249
1593429217068421120
1593428963635990533
1593428397874618368
1593428022526443521
1593427879370674176
1593426780689399808
1593426295437676544
1593425193350975488
1593425185935335424
1593424951146676224
1593424308931645447
1593424116740247552
1593423982732234753
1593423846056644608
1593421185404047362
1593419968212877314
1593419951305539584
1593419796267286535
1593419254942126080
1593418499308883968
1593416820735836162
1593416300990169090
1593416220006653954
1593416187156766720
1593415930859724800
1593415147267178497
1593415045068820480
1593415034453082113
1593415022931283969
1593414876973568000
1593414751303917571
1593414190726881283
1593413668552642560
1593413265903714304
1593412942841757697
1593412912663625728
1593412883269959681
1593412519082790912
1593412252207616003
1593411721720467456
1593411574089359360
1593411513276153859
1593410993274720262
1593410985997598721
1593410834595606530
1593410703741837314
1593410602466127872
1593410522992578562
1593410360970723329
1593410215147409408
1593410094947000321
1593409877237530624
1593409675424256002
1593409405675921409
1593409348168024065
1593408933116493827
1593408679491129344
1593408276145745920
1593408268159926272
1593408014131908610
1593408011841802246
1593407943478738944
1593407757763416064
1593407395455242241
1593407288156602368
1593407188814516224
1593406968118624256
1593406922908176384
1593406327753170945
1593406239526064130
1593405893693132801
1593405707747037184
1593405696002883584
1593405575974502405
1593405473469960192
1593405396374396936
1593405168632086530
1593405094866853890
1593404878117806081
1593404726166622208
1593404470708387840
1593404400982233089
1593404383554932736
1593403843093602304
1593403285653921805
1593402922783621121
1593402894451097600
1593402840084520960
1593402063773376513
1593401716887666690
1593401525581352966
1593401521663873026
1593401212665270277
1593401206696730626
1593400676293509122
1593400638037164032
1593400451650801669
1593400242803810305
1593400235417534467
1593400103670349826
1593399904495452161
1593399883897212928
1593399754578448384
1593399705475715072
1593399644762931201
1593399619542728705
1593399559173963776
1593399513737465856
1593399482976456705
1593399472603922432
1593399358573142017
1593399271956561927
1593399128645459969
1593398824663490560
1593398693159440384
1593398584304701440
1593398471775485952
1593398371913433095
1593398287972696064
1593398283178844163
1593398272982384640
1593398231710547968
1593398211594653700
1593398183530561536
1593398160864452609
1593398047890817025
1593398046557192193
1593397916777021440
1593397899781701637
1593397779010830337
1593397770894860290
1593397748409290752
1593397705384103937
1593397642209497090
1593397590183116800
1593397555882237957
1593397523019796481
1593396945732730883
1593396581792989186
1593396260836458496
1593396232851963904
1593396059941863425
1593396034511708160
1593395945403781126
1593395854773288962
1593395744781881345
1593395643585888258
1593395632345157632
1593395596693471234
1593395527017791488
1593395469396299776
1593395440287944705
1593395341499551752
1593395270313721860
1593394981879910400
1593394926129410049
1593394806646095872
1593394785749975041
1593394779651510272
1593394733333749760
1593394647660896256
1593394553108762625
1593394446468583424
1593394427103514625
1593394310325608453
1593394284119695360
1593394196060442625
1593393553790541824
1593393470537928706
1593393085878337536
1593392241514536962
1593392231054016520
1593392220379512832
1593392190922833921
1593392125323902976
1593391938312495107
1593391812487544834
1593391712914661377
1593391605498904576
1593391596229328897
1593391592122916864
1593391463412506624
1593390428425961472
1593389821074051073
1593388909463015425
1593388882653024256
1593388062477795328
1593387627922833409
1593387403569405953
1593387262355570688
1593387114036699136
1593386700365078529
1593386000075694080
1593385799353094145
1593385208841396224
1593384132347822086
1593381338370801665
1593381187581628416
1593381150269095937
1593381125824675843
1593380786358599685
1593380785884651520
1593380440970330119
1593378746811179008
1593378725336592385
1593377437823500291
1593376909643194369
1593376319907168256
1593374652067463168
1593373518015696898
1593373174128951298
1593372319543599108
1593371821033783298
1593371508746788864
1593371466950664194
1593370898928529409
1593370093387501572
1593369941234909195
1593369582273974273
1593369122062188545
1593368730289029120
1593368389099180032
1593368062488616963
1593367100332064768
1593366921726017536
1593366687574794240
1593363952964173828
1593363459500298240
1593363114807934976
1593362807382315008
1593362090554626048
1593361775206055936
1593361627465785346
1593358500633231360
1593357197056086021
1593356129165271045
1593355942719995905
1593355889284612099
1593355799006482438
1593353765222027264
1593353735459192838
1593352780810436613
1593352027379302407
1593351819010478082
1593351801293660164
1593351461014044674
1593350798452432899
1593349772957650944
1593349108533698561
1593348708543991808
1593348645130223616
1593348361897345024
1593348251289153536
1593347747385688067
1593347549649408002
1593347157314117633
1593346856343535616
1593345379675906056
1593343459976413186
1593342659766022144
1593342268341190662
1593340912133935104
1593340367679750148
1593339800739893254
1593339101507244033
1593337917459648513
1593337754544390145
1593337216591355904
1593336213737553923
1593333751031140352
1593332625967661060
1593330973529329664
1593329602637828096
1593329284566982657
1593327128363368450
1593326896321908742
1593326624312901632
1593326024862957575
1593325301370585090
1593325233607426048
1593324339650351105
1593323653541904387
1593323589306023936
1593323464408334336
1593323372523429889
1593323193586024455
1593322571466170368
1593322393577177093
1593320704434487299
1593320466869063680
1593319855347859458
1593319512388018176
1593319234628685827
1593319156509720577
1593318059925594112
1593317605783257089
1593314319374159876
1593314252969885705
1593314158153449472
1593313872475291653
1593313493100421123
1593313218805616641
1593313200912695299
1593313200031891458
1593312389616762883
1593312073827729410
1593312065107763203
1593310040878108672
1593309803077459968
1593309582134239235
1593309232044048385
1593307983429382144
1593307097277554689
1593306685350748161
1593306475551756291
1593305875397083136
1593305723487887360
1593305557452070912
1593305335384653824
1593304645014896641
1593301833107361793
1593300637508599810
1593300101933531136
1593299923679715331
1593298820602945536
1593297610445533184
1593296808670904328
1593295805405970432
1593295492968222720
1593294629771874317
1593294376096370688
1593293195986849793
1593293190550781952
1593292888342945792
1593292658759372806
1593290916382621702
1593290785268588548
1593290210854555648
1593289577208365058
1593289237360791555
1593288620147982339
1593287890884505601
1593287856981741570
1593287406723252224
1593287311911014403
1593286364371492864
1593286238370406401
1593285792583008257
1593285289547636740
1593284994243362817
1593283199198699533
1593282997624754183
1593282988820807681
1593282121237422081
1593281736183521280
1593281488354770944
1593280611774521345
1593280495319662593
1593280376126013441
1593279731327188992
1593279233010212864
1593278341397860353
1593278231926509569
1593278005354188800
1593276805460402182
1593276531773771776
1593276360159424513
1593275706175361024
1593273760861364226
1593273706389831680
1593273287152472064
1593273092930953216
1593272708829249536
1593271951186956288
1593271715634749442
1593271018491199488
1593270692769849344
1593270502969180161
1593269167314051073
1593267592818573313
1593267576611934208
1593267493539397635
1593266851055898626
1593266560436690958
1593266170966282242
1593266157187907584
1593265530236010499
1593264956987920387
1593264950788644867
1593264481131446273
1593263497713967105
1593263216892715008
1593263151126118406
1593262285371367424
1593262015048548352
1593261726279122945
1593261219661500416
1593260861048721408
1593260844099543042
1593260791444168705
1593260758028226560
1593260466112954368
1593258351781359617
1593258059744260098
1593257852051009541
1593257848082817024
1593257827451158530
1593257823118450698
1593257666079428609
1593257616465354753
1593257534910963712
1593256757387612161
1593255970787901443
1593255471775121410
1593255141095809026
1593254846068822017
1593254771330207745
1593254766297030658
1593253038705508353
1593248955881570304
1593248695243329537
1593247673557348356
1593246136608833536
1593245814096539648
1593245603537952770
1593244876434706435
1593244870000640002
1593244678765543424
1593243846514999304
1593243803884064768
1593243161895505921
1593242682759217152
1593242283238834177
1593241944401973250
1593241294352048129
1593241067775987715
1593240937009774593
1593240036459282432
1593239978225680384
1593238905842593794
1593238083398676482
1593238051840753664
1593237542169899013
1593236952614113280
1593236618521227265
1593236576217477120
1593235716032630784
1593235120231964676
1593234852916375554
1593234692714921984
1593234462661578754
1593234219178020866
1593234203126091778
1593233572747685888
1593233132027011074
1593232415488897024
1593231527999307780
1593230376050524160
1593230317506420737
1593230047099629568
1593229958171983872
1593229059835580418
1593228228424265730
1593227901822173186
1593227587840507908
1593227576264097792
1593227456055578625
1593227247825321984
1593226655207936002
1593226067149717504
1593225805412569090
1593224828219424768
1593222921065238528
1593222767767617536
1593222417123799044
1593221979502309377
1593221969801269248
1593220896013307904
1593220487039307776
1593219470730067968
1593218559219757057
1593218331733286912
1593218100836864004
1593217469787049984
1593217327071625216
1593217101850120195
1593216884639686657
1593214126536658946
1593213923628838912
1593213445608177664
1593213169928966145
1593213168381140993
1593212845399093250
1593208991047639042
1593208916220919808
1593208032590450688
1593206040484798465
1593205963640934401
1593205439121879040
1593205380246835200
1593205379244359680
1593203475915378689
1593202966567481344
1593202911143608320
1593200590422568965
1593199162157596673
1593199116737458177
1593198387008266240
1593198115695181824
1593197138141642752
1593196410236981248
1593196168820838400
1593194812441649156
1593194167185731585
1593194054644531201
1593193669531959296
1593193534798327808
1593193506129838080
1593190734609481728
1593189722394103812
1593188824070639617
1593188719951249409
1593186222301908993
1593186185001676801
1593185860308324352
1593183346318012417
1593182466227187712
1593182291030777856
1593182159069597696
1593182058410835968
1593181031724568576
1593180769454727168
1593180658918383617
1593179503483703296
1593179227649904640
1593178293465141248
1593177026420056064
1593176865006845953
1593176646693314561
1593174486207336448
1593173935251660801
1593173235159662592
1593169580658245636
1593169560974262273
1593169522227380226
1593169505890734081
1593169272653619200
1593169180613910528
1593168350984577024
1593167798796107776
1593162304417566721
1593161983763054592
1593161058881277953
1593159634088783872
1593157127933423618
1593157070656012288
1593157021607825408
1593156984643424258
1593156949000224768
1593156842762670080
1593156797506162688
1593156784654782465
1593156717420097542
1593156642627268610
1593156603548958721
1593156583328190464
1593156571563188225
1593156563233280002
1593156560175632384
1593156554844667905
1593156523928453120
1593155802386563072
1593155612615270402
1593154392395780096
1593152993192738817
1593152926587162624
1593152860350742528
1593152816839032834
1593152785432064000
1593152557391794178
1593152279548305409
1593152278122631168
1593152269414912001
1593152260456206338
1593152250809307136
1593152124317499392
1593151412946755584
1593147841593364480
1593145662094606336
1593145640183554048
1593145505575419904
1593145476076797954
1593145371349221378
1593145287824248832
1593145214071627777
1593145164796923904
1593144744276037633
1593143384256184324
1593142967875022848
1593142932319502336
1593142913693020160
1593142903186264064
1593142831711154176
1593141465449889793
1593141386622148610
1593141300160651264
1593141231722414080
1593141180363321344
1593140679089491968
1593140667210862592
1593140649984917504
1593140633254105089
1593140584117465088
1593139534128381953
1593139456860516352
1593138061008781312
1593134566558306305
1593133994597810176
1593133619928698881
1593130265068511234
1593130245888299009
1593130229689614338
1593130163000180737
1593130153965629440
1593130134642782208
1593130121745108994
1593130106045751296
1593128701168082945
1593128633841111041
1593125054547922944
1593122706471686144
1593122662104334337
1593122253256134656
1593121951400136704
1593121028045443073
1593120733915668483
1593120684041175040
1593120637840941062
1593120606245261313
1593120280209416193
1593120272957452289
1593120265630011392
1593120254192123905
1593120209979965441
1593119465449082880
1593117882233552896
1593117175262629889
1593116973181075457
1593116921620484096
1593116876695285762
1593116818784235520
1593116562709704704
1593116525447503872
1593116101311098882
1593116091022467072
1593116080201158657
1593116061410689024
1593116026979221504
1593115794317389824
1593115258386014209
1593115081810022400
1593111690589409280
1593111534498095104
1593109909872463872
1593109640903917568
1593108692400234496
1593107377787924480
1593107334783385600
1593107300306530304
1593107071377248257
1593107020886192128
1593106611870081025
1593105975325511681
1593105790986244098
1593104689847226370
1593104244672200704
1593103444847386625
1593101315626143749
1593101104619073536
1593101080644112385
1593101054375526400
1593101045705895937
1593101044032016384
1593100745183997952
1593100719686647808
1593100708609343488
1593100701236088832
1593100688858677248
1593100659003465728
1593100349338181633
1593099637631512576
1593099259481837568
1593099148542504961
1593098772695109633
1593098325041254403
1593098165426999298
1593098098716250113
1593097985814335489
1593097913764192256
1593097246060728320
1593097099322982400
1593096963729526785
1593096785521938433
1593096669163556864
1593096650825687040
1593096363054858240
1593095885218807809
1593095868798078977
1593095842449469440
1593095827559366658
1593095779455209472
1593095567357652994
1593095517130870785
1593095390777466880
1593095155653177344
1593095141807788034
1593095067971256321
1593094973662318592
1593094885086990336
1593094824256995330
1593094655817940992
1593094430659342336
1593094189231005696
1593093824389451776
1593093753472184320
1593093694907092993
1593093634291044354
1593093610429243394
1593093559502405632
1593093510739427329
1593093435095142401
1593093354073772034
1593093347375460352
1593093338441613312
1593093333416833025
1593093328857616385
1593093306019643392
1593093017988370432
1593092954100756480
1593092909473361923
1593092297276948480
1593092281690882049
1593092259159113730
1593092252284641280
1593092241664643072
1593092225084583936
1593092205513965569
1593092198677245952
1593092195166584832
1593092183699361792
1593091983454502914
1593091974097158144
1593091881705295879
1593091794794708993
1593091784103841792
1593091773077024768
1593091762113114112
1593091731876372480
1593090398473580545
1593090257960210432
1593090151642992640
1593090082457587712
1593090059708018689
1593089980783792132
1593089948126674945
1593089789896851457
1593089458290978817
1593089182481932288
1593089117931593729
1593089065691525120
1593089014302904320
1593089011220086785
1593088937324867584
1593088774657167360
1593088652338659328
1593088644302393345
1593088538836631552
1593088431886065665
1593088322993549313
1593087183816359936
1593086003837014017
1593085965996019713
1593085737955897344
1593085523903811584
1593084487075700737
1593083584768012288
1593083380542803973
1593083375732293632
1593083246514167811
1593083185151508481
1593082317685559296
1593082250522169345
1593082219589177344
1593081592846888960
1593081359496802304
1593081287711289344
1593080917614264321
1593080883661402112
1593080109397073920
1593079863275327488
1593079621398204417
1593079486433865733
1593079093293383681
1593078555386470401
1593078388335738880
1593076729371037696
1593076399937843200
1593076074032033793
1593076050241941504
1593075542806638592
1593075077087911942
1593074747188846594
1593074426488451072
1593074113245237249
1593074021762932736
1593073885570031619
1593073625837752320
1593073608355897345
1593073571697692672
1593073331410194432
1593073116846383104
1593072952760991744
1593072909459021826
1593072896036900869
1593072835164917760
1593072772640821250
1593072227318398978
1593072076742864896
1593072063711154181
1593071945876406272
1593071697607143424
1593071610118180864
1593071425182728193
1593070529455747073
1593070157265784835
1593070147367239683
1593069974964563968
1593069602233548800
1593069568335175680
1593069085050695680
1593069030092705792
1593068852195512320
1593068763423051777
1593068189449351168
1593067126080024577
1593066870089076737
1593066646834675712
1593066204763422720
1593065650909347840
1593065608655958017
1593065573151559681
1593065383778717697
1593065343047847936
1593064639390429184
1593064634122375168
1593064615243821056
1593064267745755137
1593064217636392961
1593064106864828416
1593064030679486464
1593063971288125440
1593063888895242240
1593063633659269123
1593062792567083008
1593062397954396160
1593061526356697093
1593061461831684097
1593061438393913344
1593061416403349504
1593061122084835331
1593061099938910208
1593060637802106880
1593060607217242113
1593060446801891328
1593056489765498882
1593056472963088385
1593056445234581504
1593056287549718529
1593056265789636608
1593055955708948480
1593055847050932224
1593055776909950977
1593055335383961601
1593055171751612416
1593055108920901632
1593054784944484352
1593054269112225792
1593054227961479169
1593053644777467906
1593053563424759808
1593053406440357888
1593052826489741312
1593052826351316993
1593052700761292801
1593052684902621184
1593052678921199616
1593052652279304193
1593052484049997825
1593052470145519616
1593052217371922432
1593052154084102144
1593052134106624001
1593052105400782849
1593051991571238912
1593051980913848320
1593051903264706560
1593051823371603969
1593050947563171843
1593050360557412352
1593049941722529792
1593048472156262401
1593048439079960578
1593048417038913537
1593048388131442688
1593048123001434115
1593047824706719744
1593047758172459009
1593047634901897217
1593047583089303553
1593047182319681536
1593047035309326336
1593046294289080320
1593046102848118785
1593045855602618368
1593045373849055232
1593045000874491905
1593044898227572737
1593044875112763394
1593044364208791552
1593044357938319360
1593044072532701185
1593454298834554880
1593454205150191616
1593454171008733184
1593454139073257474
1593453893647835138
1593453142749978630
1593452624354893824
1593451808772558848
1593451781475926017
1593451762110775296
1593451334623117313
1593451007001903105
1593450884876247043
1593450634736553989
1593450463164338178
1593449150070239232
1593449026996805633
1593448227554181120
1593448103285096455
1593447704444674057
1593447586807128065
1593447402350022658
1593447004428017664
1593446590869606400
1593446327169564672
1593445943994621954
1593445707284897792
1593445312437407744
1593445243642421250
1593443667695620098
1593443596459339776
1593443399478149121
1593443269500870656
1593443065431302147
1593442939048497154
1593441689024200705
1593441633642713088
1593440276021854209
1593439656317550592
1593439633681125378
1593439118855380994
1593438974953066498
1593438955764170752
1593438928496885762
1593438650574032897
1593438353659043840
1593438132053082112
1593437791823794176
1593437774912290816
1593437350390108161
1593436999855267840
1593436789343232000
1593436746867425289
1593436208922869760
1593435909516566528
1593435853170278400
1593435795741765632
1593434803013140481
1593434717738749952
1593434715150761987
1593434416604336128
1593434259158712322
1593434192460894209
1593434124118810625
1593433860188110855
1593433563852165125
1593432772076503040
1593432180889378816
1593431945446273024
1593431722443640840
1593429666567782401
1593429664961159168
1593429363399221249
1593429217068421120
1593428963635990533
1593428397874618368
1593428022526443521
1593427879370674176
1593426780689399808
1593426295437676544
1593425193350975488
1593425185935335424
1593424951146676224
1593424308931645447
1593424116740247552
1593423982732234753
1593423846056644608
1593421185404047362
1593419968212877314
1593419951305539584
1593419796267286535
1593419254942126080
1593418499308883968
1593416820735836162
1593416300990169090
1593416220006653954
1593416187156766720
1593415930859724800
1593415147267178497
1593415045068820480
1593415034453082113
1593415022931283969
1593414876973568000
1593414751303917571
1593414190726881283
1593413668552642560
1593413265903714304
1593412942841757697
1593412912663625728
1593412883269959681
1593412519082790912
1593412252207616003
1593411721720467456
1593411574089359360
1593411513276153859
1593410993274720262
1593410985997598721
1593410834595606530
1593410703741837314
1593410602466127872
1593410522992578562
1593410360970723329
1593410215147409408
1593410094947000321
1593409877237530624
1593409675424256002
1593409405675921409
1593409348168024065
1593408933116493827
1593408679491129344
1593408276145745920
1593408268159926272
1593408014131908610
1593408011841802246
1593407943478738944
1593407757763416064
1593407395455242241
1593407288156602368
1593407188814516224
1593406968118624256
1593406922908176384
1593406327753170945
1593406239526064130
1593405893693132801
1593405707747037184
1593405696002883584
1593405575974502405
1593405473469960192
1593405396374396936
1593405168632086530
1593405094866853890
1593404878117806081
1593404726166622208
1593404470708387840
1593404400982233089
1593404383554932736
1593403843093602304
1593403285653921805
1593402922783621121
1593402894451097600
1593402840084520960
1593402063773376513
1593401716887666690
1593401525581352966
1593401521663873026
1593401212665270277
1593401206696730626
1593400676293509122
1593400638037164032
1593400451650801669
1593400242803810305
1593400235417534467
1593400103670349826
1593399904495452161
1593399883897212928
1593399754578448384
1593399705475715072
1593399644762931201
1593399619542728705
1593399559173963776
1593399513737465856
1593399482976456705
1593399472603922432
1593399358573142017
1593399271956561927
1593399128645459969
1593398824663490560
1593398693159440384
1593398584304701440
1593398471775485952
1593398371913433095
1593398287972696064
1593398283178844163
1593398272982384640
1593398231710547968
1593398211594653700
1593398183530561536
1593398160864452609
1593398047890817025
1593398046557192193
1593397916777021440
1593397899781701637
1593397779010830337
1593397770894860290
1593397748409290752
1593397705384103937
1593397642209497090
1593397590183116800
1593397555882237957
1593397523019796481
1593396945732730883
1593396581792989186
1593396260836458496
1593396232851963904
1593396059941863425
1593396034511708160
1593395945403781126
1593395854773288962
1593395744781881345
1593395643585888258
1593395632345157632
1593395596693471234
1593395527017791488
1593395469396299776
1593395440287944705
1593395341499551752
1593395270313721860
1593394981879910400
1593394926129410049
1593394806646095872
1593394785749975041
1593394779651510272
1593394733333749760
1593394647660896256
1593394553108762625
1593394446468583424
1593394427103514625
1593394310325608453
1593394284119695360
1593394196060442625
1593393553790541824
1593393470537928706
1593393085878337536
1593392241514536962
1593392231054016520
1593392220379512832
1593392190922833921
1593392125323902976
1593391938312495107
1593391812487544834
1593391712914661377
1593391605498904576
1593391596229328897
1593391592122916864
1593391463412506624
1593390428425961472
1593389821074051073
1593388909463015425
1593388882653024256
1593388062477795328
1593387627922833409
1593387403569405953
1593387262355570688
1593387114036699136
1593386700365078529
1593386000075694080
1593385799353094145
1593385208841396224
1593384132347822086
1593381338370801665
1593381187581628416
1593381150269095937
1593381125824675843
1593380786358599685
1593380785884651520
1593380440970330119
1593378746811179008
1593378725336592385
1593377437823500291
1593376909643194369
1593376319907168256
1593374652067463168
1593373518015696898
1593373174128951298
1593372319543599108
1593371821033783298
1593371508746788864
1593371466950664194
1593370898928529409
1593370093387501572
1593369941234909195
1593369582273974273
1593369122062188545
1593368730289029120
1593368389099180032
1593368062488616963
1593367100332064768
1593366921726017536
1593366687574794240
1593363952964173828
1593363459500298240
1593363114807934976
1593362807382315008
1593362090554626048
1593361775206055936
1593361627465785346
1593358500633231360
1593357197056086021
1593356129165271045
1593355942719995905
1593355889284612099
1593355799006482438
1593353765222027264
1593353735459192838
1593352780810436613
1593352027379302407
1593351819010478082
1593351801293660164
1593351461014044674
1593350798452432899
1593349772957650944
1593349108533698561
1593348708543991808
1593348645130223616
1593348361897345024
1593348251289153536
1593347747385688067
1593347549649408002
1593347157314117633
1593346856343535616
1593345379675906056
1593343459976413186
1593342659766022144
1593342268341190662
1593340912133935104
1593340367679750148
1593339800739893254
1593339101507244033
1593337917459648513
1593337754544390145
1593337216591355904
1593336213737553923
1593333751031140352
1593332625967661060
1593330973529329664
1593329602637828096
1593329284566982657
1593327128363368450
1593326896321908742
1593326624312901632
1593326024862957575
1593325301370585090
1593325233607426048
1593324339650351105
1593323653541904387
1593323589306023936
1593323464408334336
1593323372523429889
1593323193586024455
1593322571466170368
1593322393577177093
1593320704434487299
1593320466869063680
1593319855347859458
1593319512388018176
1593319234628685827
1593319156509720577
1593318059925594112
1593317605783257089
1593314319374159876
1593314252969885705
1593314158153449472
1593313872475291653
1593313493100421123
1593313218805616641
1593313200912695299
1593313200031891458
1593312389616762883
1593312073827729410
1593312065107763203
1593310040878108672
1593309803077459968
1593309582134239235
1593309232044048385
1593307983429382144
1593307097277554689
1593306685350748161
1593306475551756291
1593305875397083136
1593305723487887360
1593305557452070912
1593305335384653824
1593304645014896641
1593301833107361793
1593300637508599810
1593300101933531136
1593299923679715331
1593298820602945536
1593297610445533184
1593296808670904328
1593295805405970432
1593295492968222720
1593294629771874317
1593294376096370688
1593293195986849793
1593293190550781952
1593292888342945792
1593292658759372806
1593290916382621702
1593290785268588548
1593290210854555648
1593289577208365058
1593289237360791555
1593288620147982339
1593287890884505601
1593287856981741570
1593287406723252224
1593287311911014403
1593286364371492864
1593286238370406401
1593285792583008257
1593285289547636740
1593284994243362817
1593283199198699533
1593282997624754183
1593282988820807681
1593282121237422081
1593281736183521280
1593281488354770944
1593280611774521345
1593280495319662593
1593280376126013441
1593279731327188992
1593279233010212864
1593278341397860353
1593278231926509569
1593278005354188800
1593276805460402182
1593276531773771776
1593276360159424513
1593275706175361024
1593273760861364226
1593273706389831680
1593273287152472064
1593273092930953216
1593272708829249536
1593271951186956288
1593271715634749442
1593271018491199488
1593270692769849344
1593270502969180161
1593269167314051073
1593267592818573313
1593267576611934208
1593267493539397635
1593266851055898626
1593266560436690958
1593266170966282242
1593266157187907584
1593265530236010499
1593264956987920387
1593264950788644867
1593264481131446273
1593263497713967105
1593263216892715008
1593263151126118406
1593262285371367424
1593262015048548352
1593261726279122945
1593261219661500416
1593260861048721408
1593260844099543042
1593260791444168705
1593260758028226560
1593260466112954368
1593258351781359617
1593258059744260098
1593257852051009541
1593257848082817024
1593257827451158530
1593257823118450698
1593257666079428609
1593257616465354753
1593257534910963712
1593256757387612161
1593255970787901443
1593255471775121410
1593255141095809026
1593254846068822017
1593254771330207745
1593254766297030658
1593253038705508353
1593248955881570304
1593248695243329537
1593247673557348356
1593246136608833536
1593245814096539648
1593245603537952770
1593244876434706435
1593244870000640002
1593244678765543424
1593243846514999304
1593243803884064768
1593243161895505921
1593242682759217152
1593242283238834177
1593241944401973250
1593241294352048129
1593241067775987715
1593240937009774593
1593240036459282432
1593239978225680384
1593238905842593794
1593238083398676482
1593238051840753664
1593237542169899013
1593236952614113280
1593236618521227265
1593236576217477120
1593235716032630784
1593235120231964676
1593234852916375554
1593234692714921984
1593234462661578754
1593234219178020866
1593234203126091778
1593233572747685888
1593233132027011074
1593232415488897024
1593231527999307780
1593230376050524160
1593230317506420737
1593230047099629568
1593229958171983872
1593229059835580418
1593228228424265730
1593227901822173186
1593227587840507908
1593227576264097792
1593227456055578625
1593227247825321984
1593226655207936002
1593226067149717504
1593225805412569090
1593224828219424768
1593222921065238528
1593222767767617536
1593222417123799044
1593221979502309377
1593221969801269248
1593220896013307904
1593220487039307776
1593219470730067968
1593218559219757057
1593218331733286912
1593218100836864004
1593217469787049984
1593217327071625216
1593217101850120195
1593216884639686657
1593214126536658946
1593213923628838912
1593213445608177664
1593213169928966145
1593213168381140993
1593212845399093250
1593208991047639042
1593208916220919808
1593208032590450688
1593206040484798465
1593205963640934401
1593205439121879040
1593205380246835200
1593205379244359680
1593203475915378689
1593202966567481344
1593202911143608320
1593200590422568965
1593199162157596673
1593199116737458177
1593198387008266240
1593198115695181824
1593197138141642752
1593196410236981248
1593196168820838400
1593194812441649156
1593194167185731585
1593194054644531201
1593193669531959296
1593193534798327808
1593193506129838080
1593190734609481728
1593189722394103812
1593188824070639617
1593188719951249409
1593186222301908993
1593186185001676801
1593185860308324352
1593183346318012417
1593182466227187712
1593182291030777856
1593182159069597696
1593182058410835968
1593181031724568576
1593180769454727168
1593180658918383617
1593179503483703296
1593179227649904640
1593178293465141248
1593177026420056064
1593176865006845953
1593176646693314561
1593174486207336448
1593173935251660801
1593173235159662592
1593169580658245636
1593169560974262273
1593169522227380226
1593169505890734081
1593169272653619200
1593169180613910528
1593168350984577024
1593167798796107776
1593162304417566721
1593161983763054592
1593161058881277953
1593159634088783872
1593157127933423618
1593157070656012288
1593157021607825408
1593156984643424258
1593156949000224768
1593156842762670080
1593156797506162688
1593156784654782465
1593156717420097542
1593156642627268610
1593156603548958721
1593156583328190464
1593156571563188225
1593156563233280002
1593156560175632384
1593156554844667905
1593156523928453120
1593155802386563072
1593155612615270402
1593154392395780096
1593152993192738817
1593152926587162624
1593152860350742528
1593152816839032834
1593152785432064000
1593152557391794178
1593152279548305409
1593152278122631168
1593152269414912001
1593152260456206338
1593152250809307136
1593152124317499392
1593151412946755584
1593147841593364480
1593145662094606336
1593145640183554048
1593145505575419904
1593145476076797954
1593145371349221378
1593145287824248832
1593145214071627777
1593145164796923904
1593144744276037633
1593143384256184324
1593142967875022848
1593142932319502336
1593142913693020160
1593142903186264064
1593142831711154176
1593141465449889793
1593141386622148610
1593141300160651264
1593141231722414080
1593141180363321344
1593140679089491968
1593140667210862592
1593140649984917504
1593140633254105089
1593140584117465088
1593139534128381953
1593139456860516352
1593138061008781312
1593134566558306305
1593133994597810176
1593133619928698881
1593130265068511234
1593130245888299009
1593130229689614338
1593130163000180737
1593130153965629440
1593130134642782208
1593130121745108994
1593130106045751296
1593128701168082945
1593128633841111041
1593125054547922944
1593122706471686144
1593122662104334337
1593122253256134656
1593121951400136704
1593121028045443073
1593120733915668483
1593120684041175040
1593120637840941062
1593120606245261313
1593120280209416193
1593120272957452289
1593120265630011392
1593120254192123905
1593120209979965441
1593119465449082880
1593117882233552896
1593117175262629889
1593116973181075457
1593116921620484096
1593116876695285762
1593116818784235520
1593116562709704704
1593116525447503872
1593116101311098882
1593116091022467072
1593116080201158657
1593116061410689024
1593116026979221504
1593115794317389824
1593115258386014209
1593115081810022400
1593111690589409280
1593111534498095104
1593109909872463872
1593109640903917568
1593108692400234496
1593107377787924480
1593107334783385600
1593107300306530304
1593107071377248257
1593107020886192128
1593106611870081025
1593105975325511681
1593105790986244098
1593104689847226370
1593104244672200704
1593103444847386625
1593101315626143749
1593101104619073536
1593101080644112385
1593101054375526400
1593101045705895937
1593101044032016384
1593100745183997952
1593100719686647808
1593100708609343488
1593100701236088832
1593100688858677248
1593100659003465728
1593100349338181633
1593099637631512576
1593099259481837568
1593099148542504961
1593098772695109633
1593098325041254403
1593098165426999298
1593098098716250113
1593097985814335489
1593097913764192256
1593097246060728320
1593097099322982400
1593096963729526785
1593096785521938433
1593096669163556864
1593096650825687040
1593096363054858240
1593095885218807809
1593095868798078977
1593095842449469440
1593095827559366658
1593095779455209472
1593095567357652994
1593095517130870785
1593095390777466880
1593095155653177344
1593095141807788034
1593095067971256321
1593094973662318592
1593094885086990336
1593094824256995330
1593094655817940992
1593094430659342336
1593094189231005696
1593093824389451776
1593093753472184320
1593093694907092993
1593093634291044354
1593093610429243394
1593093559502405632
1593093510739427329
1593093435095142401
1593093354073772034
1593093347375460352
1593093338441613312
1593093333416833025
1593093328857616385
1593093306019643392
1593093017988370432
1593092954100756480
1593092909473361923
1593092297276948480
1593092281690882049
1593092259159113730
1593092252284641280
1593092241664643072
1593092225084583936
1593092205513965569
1593092198677245952
1593092195166584832
1593092183699361792
1593091983454502914
1593091974097158144
1593091881705295879
1593091794794708993
1593091784103841792
1593091773077024768
1593091762113114112
1593091731876372480
1593090398473580545
1593090257960210432
1593090151642992640
1593090082457587712
1593090059708018689
1593089980783792132
1593089948126674945
1593089789896851457
1593089458290978817
1593089182481932288
1593089117931593729
1593089065691525120
1593089014302904320
1593089011220086785
1593088937324867584
1593088774657167360
1593088652338659328
1593088644302393345
1593088538836631552
1593088431886065665
1593088322993549313
1593087183816359936
1593086003837014017
1593085965996019713
1593085737955897344
1593085523903811584
1593084487075700737
1593083584768012288
1593083380542803973
1593083375732293632
1593083246514167811
1593083185151508481
1593082317685559296
1593082250522169345
1593082219589177344
1593081592846888960
1593081359496802304
1593081287711289344
1593080917614264321
1593080883661402112
1593080109397073920
1593079863275327488
1593079621398204417
1593079486433865733
1593079093293383681
1593078555386470401
1593078388335738880
1593076729371037696
1593076399937843200
1593076074032033793
1593076050241941504
1593075542806638592
1593075077087911942
1593074747188846594
1593074426488451072
1593074113245237249
1593074021762932736
1593073885570031619
1593073625837752320
1593073608355897345
1593073571697692672
1593073331410194432
1593073116846383104
1593072952760991744
1593072909459021826
1593072896036900869
1593072835164917760
1593072772640821250
1593072227318398978
1593072076742864896
1593072063711154181
1593071945876406272
1593071697607143424
1593071610118180864
1593071425182728193
1593070529455747073
1593070157265784835
1593070147367239683
1593069974964563968
1593069602233548800
1593069568335175680
1593069085050695680
1593069030092705792
1593068852195512320
1593068763423051777
1593068189449351168
1593067126080024577
1593066870089076737
1593066646834675712
1593066204763422720
1593065650909347840
1593065608655958017
1593065573151559681
1593065383778717697
1593065343047847936
1593064639390429184
1593064634122375168
1593064615243821056
1593064267745755137
1593064217636392961
1593064106864828416
1593064030679486464
1593063971288125440
1593063888895242240
1593063633659269123
1593062792567083008
1593062397954396160
1593061526356697093
1593061461831684097
1593061438393913344
1593061416403349504
1593061122084835331
1593061099938910208
1593060637802106880
1593060607217242113
1593060446801891328
1593056489765498882
1593056472963088385
1593056445234581504
1593056287549718529
1593056265789636608
1593055955708948480
1593055847050932224
1593055776909950977
1593055335383961601
1593055171751612416
1593055108920901632
1593054784944484352
1593054269112225792
1593054227961479169
1593053644777467906
1593053563424759808
1593053406440357888
1593052826489741312
1593052826351316993
1593052700761292801
1593052684902621184
1593052678921199616
1593052652279304193
1593052484049997825
1593052470145519616
1593052217371922432
1593052154084102144
1593052134106624001
1593052105400782849
1593051991571238912
1593051980913848320
1593051903264706560
1593051823371603969
1593050947563171843
1593050360557412352
1593049941722529792
1593048472156262401
1593048439079960578
1593048417038913537
1593048388131442688
1593048123001434115
1593047824706719744
1593047758172459009
1593047634901897217
1593047583089303553
1593047182319681536
1593047035309326336
1593046294289080320
1593046102848118785
1593045855602618368
1593045373849055232
1593045000874491905
1593044898227572737
